image: /home/asher/Documents/Spiderverse/maps/map_20250326_214925.pgm
resolution: 0.050000
origin: [-4.969575, -5.333148, 0.0]
negate: 0
occupied_thresh: 0.65
free_thresh: 0.196
