image: /home/asher/Documents/Spiderverse/maps/map_20250326_215137.pgm
resolution: 0.050000
origin: [-7.069176, -3.922823, 0.0]
negate: 0
occupied_thresh: 0.65
free_thresh: 0.196
